文件名: table_date.xlsx
    Sheet: Sheet1
        日期  row1  row2
2025-04-07     1     2
2025-04-08     1     2
2025-04-09     1     2
2025-04-10     1     2
2025-04-11     1     2
2025-04-12     1     2
2025-04-13     1     2
2025-04-14     1     2
2025-04-15     1     2
2025-04-16     1     2
2025-04-17     1     2
2025-04-18     1     2
2025-04-19     1     2
2025-04-20     1     2
2025-04-21     1     2
2025-04-22     1     2
2025-04-23     1     2
2025-04-24     1     2
2025-04-25     1     2

文件名: table_epa.xlsx
    Sheet: Sheet1
 1  2  3
 1  2  3
 1  2  3
 1  2  3
 1  2  3
 1  2  3
 1  2  3
 1  2  3
 1  2  3
 1  2  3
 1  2  3
 1  2  3
 1  2  3